#cache,OPT,LRU,FIFO,RAND
0,0.000000,0.000000,0.000000,0.000000
5,22.500000,5.130000,5.070000,5.080000
10,35.459999,10.180000,10.060000,10.190000
15,44.650002,15.330000,15.270000,15.790000
20,52.060001,20.510000,20.379999,19.750000
25,58.150002,25.570000,25.959999,25.709999
30,63.400002,30.820000,30.530001,30.959999
35,67.889999,35.790001,35.869999,35.590000
40,71.910004,40.700001,40.529999,40.919998
45,75.500000,45.650002,46.169998,44.799999
50,78.870003,50.750000,50.310001,49.820000
55,81.879997,55.740002,55.060001,54.599998
60,84.610001,60.639999,59.680000,61.029999
65,87.120003,64.949997,64.180000,65.150002
70,89.389999,69.540001,70.540001,70.199997
75,91.430000,74.550003,75.150002,74.980003
80,93.320000,79.300003,79.269997,79.580002
85,95.029999,84.050003,84.470001,84.620003
90,96.589996,88.980003,89.930000,89.980003
95,97.930000,93.889999,94.449997,94.419998
100,99.000000,99.000000,99.000000,99.000000
